0.000000000000000000e+00 0.000000000000000000e+00 0.000000000000000000e+00 0.000000000000000000e+00
2.885835964405230243e+02 7.277523805120814870e+01 1.765113001519769398e+02 6.738621396886851755e+01
5.250475084616663253e+02 1.649867793019591744e+01 1.009999433042450079e+01 1.569091261100175494e+01
-7.447298186252037766e+00 -4.237437027990961980e+01 -2.466963396915139128e+02 -1.197670932728923958e+02
3.878553105589884353e+01 -4.604352090604887735e+02 -7.270623340102734744e+01 -2.652736774855684416e+02
-5.042570330722762151e+02 4.639828184511454623e+00 -4.883547770159453876e+02 -5.107374774349631821e+02
-1.777212741632309587e+02 -5.710642082490032578e+01 -5.059425573658414237e+02 5.685278068624636489e+02
5.759146304422610108e+00 1.191207839826385850e+02 7.611341523620201599e+01 -1.003601755159008917e+02
-4.990151724307614955e+01 7.500293870718384603e+00 6.849041575070012655e+00 5.874845113076500702e+00
-5.139474670564699181e+02 -1.221001257411676875e+02 2.014765359499958564e+01 -1.000218256124658325e+02
1.069530464012570974e+03 1.821687160145396334e+01 1.818825987013423173e+01 2.405374458902261381e+01
3.344145547260715290e+01 1.012993651115690596e+01 7.845483643652904959e+01 1.287084524997783674e+01
-4.841623941216962521e+02 4.412973445055984101e+00 -4.388939935602006415e+01 -7.005758641935832998e+01
-5.256366233951241611e+02 -5.364715671811363791e+02 -3.181230258928633603e+01 -2.492443009986470202e+02
-5.793815214717413653e+01 -2.077119219859618511e+02 -4.786676583859693324e+02 -4.681994268232116951e+02
-4.413961797562041767e+01 -4.272213908432837002e+02 2.600341936083006189e+01 0.000000000000000000e+00
-4.288478162811940386e+00 0.000000000000000000e+00 8.370395675954824810e+00 1.968979974213502793e-01
0.000000000000000000e+00 -1.239036079093106224e+01 -5.507363568639739526e+00 9.623758897475070739e+00
5.187675753385334474e+02 2.046620809075973213e+01 -1.511525885005571013e+02 -1.992802402934671591e+01
-4.837334120725852245e+02 -4.754822573588901946e+02 -2.536182329136844658e+02 2.578190572121086710e+00
5.235632302367319824e+01 -1.180702219084601836e+02 -1.248662067356208070e+02 -1.728233568316932747e+02
1.988229698405903179e+01 -3.603770891815418764e+01 -2.556618248922173819e+00 9.214894089929521215e+01
2.015347525087773661e+01 1.005616954462623980e+01 -1.751589787873722770e+01 2.112391245229443655e+02
1.359845668510100580e+00 -5.767273257517039156e+02 -1.567208219404409988e+02 -5.645359351354774162e+02
-1.269331394176478796e+02 1.930784140873326393e+01 -1.357746086448793221e+02 -9.907387046294343236e+01
1.796304805417204165e+01 -6.226491019757665413e+01 2.434087063846135379e+00 5.228773643608235489e-01
-5.781692191690510185e+01 1.158661309503604286e+01 1.387799143327156770e+01 3.616841082841803257e+01
-1.819098820825426799e+02 4.188622895995099071e+00 -9.981888924873882729e+01 -4.986460901207939855e+02
2.874454113436449987e+01 -2.962694840216631746e+02 4.408486383044781576e+00 -5.260807815705620669e+02
1.763527406919175533e+01 7.079011095786019503e+00 3.832486603415037507e+01 1.410406336839984931e+01
-7.441934092356825658e+01 -4.041207010143789802e+00 2.686928422295349037e+02 -7.900002676754009912e+00
-4.235998842271761760e+02 -4.905205679855526455e+02 -5.321290760172712453e+02 1.449810096022016737e+01
5.742556109501261830e+00 2.018883104810689844e+01 -4.104586122863599584e+00 -1.181497054314147377e+01
-6.824459923335513167e+01 1.682876973394694176e+01 -5.854175047223455053e+00 -3.802351019178441760e+00
-2.600958228714035272e+02 -9.757695934682024586e+01 2.440710936013205412e+01 -2.342614562595632606e+02
